Data_File	Data_File_Loc	Site	Latitude	Longitude	Nash	RMSE	Mu	Alpha	Theta	Beta	Drainage_Area_Km2	Mean_Elevation_m	Mean_Slope_P	Mean_Aspect	BFI_P	P_Clay	P_Sand	P_Silt	Biomass_tons	Stem_Count	UrbanKm2	AgroKm2	SwampsKm2	GrassKm2	PeatlandKm2	RockKm2	DeciduousKm2	OakPineKm2	BorealKm2	OpenWaterKm2	aug_mean_air_degC	aug_max_air_degC	aug_mean_precip_mm	feb_mean_air_degC	feb_max_air_degC	feb_mean_precip_mm
MAFW_1yr	1	Laur55	42.04584	-71.6849	0.947	1.621	1.95E-06	20.7996	0.8015662	11.145197	5.4207	160.335	5.026023	75.84063	52.9927	4.992	55.70786	39.30014	96970.76	32716	0.6769383	0.09603653	0.5698338	0	0	0.003405551	0	4.0758481	0	0.004086661	20.91125	26.3425	98.72	-1.915	3.2325	89.2125
MAFW_1yr	2	Sprg55	42.08603	-71.5375	0.935	1.736	2.92E-06	20.07792	0.7822122	10.82712	5.6241	117.4839	5.488188	88.23998	54.72666	5.34612	54.20983	40.44405	85495.6	27498	0.4846099	0.51202454	0.669361	0	0	0	0.00136222	3.9641461	0	0	21.121	26.992	99.658	-1.702	3.758	89.76
MAFW_1yr	3	Emer55	42.04559	-71.61902	0.934	1.928	9.35E-06	24.14061	0.8075919	11.508746	20.0853	138.6439	6.386982	90.31676	53.15981	4.619685	58.01827	37.36205	93158.81	110704	2.1809998	0.87880234	1.6947723	0	0	0.049295345	0.1625299	14.9358085	0	0.204758731	21.03737	26.64105	98.50684	-1.803947	3.4884211	89.06316
MAFW_1yr	4	Cent55	42.16559	-71.60269	0.914	2.247	4.47E-05	24.49439	0.8090218	11.593897	13.0401	120.3569	7.592299	258.6715	54.15398	4.943415	55.40618	39.6504	79496.5	67556	2.1791267	0.24179409	0.9544056	0	0	0	6.35875897	3.1343836	0	0.185857925	21.10536	27.02571	96.94571	-2.036429	3.5407143	89.50071
MAFW_1yr	5	Mudd55	42.11679	-71.55397	0.941	1.643	4.56E-06	20.72601	0.7664274	11.264536	10.0089	107.9074	6.147143	108.8598	54.6255	4.943473	56.00899	39.04754	78381.84	45821	1.6693158	1.88165185	0.5955457	0	0	0	0.28564056	5.5540274	0	0.034225784	21.168	27.146	98.878	-1.716	3.812	89.721
MAFW_1yr	6	Laur60	42.03318	-71.66617	0.929	1.864	3.21E-06	21.7632	0.776329	11.062512	5.4207	160.335	5.026023	75.84063	52.9927	4.992	55.70786	39.30014	96970.76	32716	0.6769383	0.09603653	0.5698338	0	0	0.003405551	0	4.0758481	0	0.004086661	20.91125	26.3425	98.72	-1.915	3.2325	89.2125
MAFW_1yr	7	Sprg60	42.08831	-71.531	0.929	1.686	1.35E-05	17.65207	0.7760281	9.142632	5.6241	117.4839	5.488188	88.23998	54.72666	5.34612	54.20983	40.44405	85495.6	27498	0.4846099	0.51202454	0.669361	0	0	0	0.00136222	3.9641461	0	0	21.121	26.992	99.658	-1.702	3.758	89.76
MAFW_1yr	8	Mudd60	42.10904	-71.54719	0.932	1.673	1.61E-05	20.94561	0.7249153	11.406791	10.0089	107.9074	6.147143	108.8598	54.6255	4.943473	56.00899	39.04754	78381.84	45821	1.6693158	1.88165185	0.5955457	0	0	0	0.28564056	5.5540274	0	0.034225784	21.168	27.146	98.878	-1.716	3.812	89.721
MAFW_1yr	9	UCen55	42.16539	-71.60246	0.897	2.06	2.08E-04	20.67249	0.7060736	11.312107	13.0401	120.3569	7.592299	258.6715	54.15398	4.943415	55.40618	39.6504	79496.5	67556	2.1791267	0.24179409	0.9544056	0	0	0	6.35875897	3.1343836	0	0.185857925	21.10536	27.02571	96.94571	-2.036429	3.5407143	89.50071
MAFW_1yr	10	Emer65	42.04536	-71.62414	0.929	2.009	2.02E-04	24.65924	0.803354	11.599552	20.0853	138.6439	6.386982	90.31676	53.15981	4.619685	58.01827	37.36205	93158.81	110704	2.1809998	0.87880234	1.6947723	0	0	0.049295345	0.1625299	14.9358085	0	0.204758731	21.03737	26.64105	98.50684	-1.803947	3.4884211	89.06316
MAFW_1yr	11	Cent60	42.16481	-71.60302	0.914	2.168	4.10E-04	24.32052	0.7811995	11.795187	13.0401	120.3569	7.592299	258.6715	54.15398	4.943415	55.40618	39.6504	79496.5	67556	2.1791267	0.24179409	0.9544056	0	0	0	6.35875897	3.1343836	0	0.185857925	21.10536	27.02571	96.94571	-2.036429	3.5407143	89.50071
MAFW_1yr	12	Emer70	42.04605	-71.63104	0.931	2.031	2.62E-05	24.44124	0.8249474	11.410028	20.0853	138.6439	6.386982	90.31676	53.15981	4.619685	58.01827	37.36205	93158.81	110704	2.1809998	0.87880234	1.6947723	0	0	0.049295345	0.1625299	14.9358085	0	0.204758731	21.03737	26.64105	98.50684	-1.803947	3.4884211	89.06316
MAFW_1yr	13	Cent65	42.15856	-71.60737	0.927	1.955	3.63E-05	23.23481	0.7827074	11.612217	19.2411	116.0564	7.229161	250.01564	54.09894	4.878426	55.90379	39.21778	77033.86	94492	3.2975095	0.93175865	1.5468862	0	0	0.002469024	8.28859937	4.9790853	0	0.215911909	21.12947	27.06211	96.96789	-1.984211	3.5957895	89.40368
MAFW_1yr	14	Cent70	42.18933	-71.59485	0.933	2.057	3.56E-04	23.20303	0.8781389	11.930496	5.3433	122.4575	8.673616	196.36164	54.11706	4.577642	57.74959	37.67277	88839.89	30353	0.3831244	0.0579795	0.674895	0	0	0	3.44982277	0.7705058	0	0.013026231	21.10833	27.045	96.88	-2.085833	3.5216667	89.51
MAFW_1yr	15	Scad60	42.04939	-71.66831	0.935	1.617	9.39E-06	18.54512	0.7458685	10.058951	4.9986	143.5734	6.529409	81.78165	53	4.992	55.70786	39.30014	95264.5	29778	0.3380009	0.12489857	0.4230545	0	0	0.022476634	0.04333563	4.0528607	0	0	20.974	26.602	98.022	-1.908	3.418	88.812
MAFW_1yr	16	Scad65	42.05467	-71.67893	0.944	1.561	8.30E-05	20.38457	0.749384	10.98988	4.9986	143.5734	6.529409	81.78165	53	4.992	55.70786	39.30014	95264.5	29778	0.3380009	0.12489857	0.4230545	0	0	0.022476634	0.04333563	4.0528607	0	0	20.974	26.602	98.022	-1.908	3.418	88.812
MAFW_1yr	17	Mudd65	42.09173	-71.52194	0.939	1.612	8.58E-06	19.72943	0.7508884	10.64499	16.4439	109.2877	5.832894	104.58432	54.72792	4.953301	56.18725	38.85944	79755.91	76235	2.2816338	2.60175553	1.4655787	0	0	0	0.46170752	9.6194034	0	0.034225784	21.15233	27.09467	99.138	-1.711333	3.794	89.734
MAFW_1yr	18	Emer60	42.04581	-71.6412	0.921	2.335	3.14E-03	25.98383	0.8680986	11.514318	15.7095	144.9644	6.21905	77.01008	53.02812	4.924369	56.12754	38.94809	98334.31	91538	1.2373217	0.29585721	1.5082332	0	0	0.049295345	0.04333563	12.3873498	0	0.204758731	21.01406	26.595	98.4625	-1.83125	3.445625	89.0475
MAFW_1yr	19	Emer75	42.04608	-71.6134	0.92	2.101	2.77E-05	24.74519	0.7927116	11.578142	20.0853	138.6439	6.386982	90.31676	53.15981	4.619685	58.01827	37.36205	93158.81	110704	2.181	0.8788023	1.694772	0	0	0.04929535	0.1625299	14.93581	0	0.2047587	20.88741	26.54535	95.40567	-2.306106	3.0495122	87.48878
MAFW_1yr	20	Laur65	42.04025	-71.65357	0.935	1.885	1.00E-05	23.39083	0.8048394	10.883215	6.4431	157.2557	5.524728	61.50618	52.99386	4.992	55.70786	39.30014	99858.33	39724	0.7253823	0.09637708	0.6140208	0	0	0.009194987	0	4.9103783	0	0.094929723	20.936	26.39	98.8	-1.89	3.28	89.252
MAFW_3yr	1	MARoar55	42.23056	-72.85739	0.95	1.498	1.99E-05	19.82137	0.7653801	12.1238	16.5762	276.9742	15.223081	254.936889	44.09855	5.932765	43.48008	50.58716	130157.17	139438	0.84559822	1.09096814	0.18900806	0	0	0.033714951	14.12069	0.294665267	0	0	19.7125	26.1125	100.9825	-3.998125	1.736875	84.59437
MAFW_3yr	2	MAPark55	42.37944	-72.02992	0.939	1.706	5.45E-01	24.02443	0.7667101	12.09417	9.1323	273.1629	7.229468	46.359252	52.44004	5.533374	51.57561	42.89102	95573.97	51349	0.55510475	0.17513044	0.91966894	0	0.03788675	0.00136222	7.419503	0.02000761	0	0.00962068	19.83438	25.8325	92.4625	-3.756875	1.87	80.85
MAFW_3yr	3	MAWarr55	42.18912	-71.62604	0.937	1.662	1.37E-02	20.16683	0.754361	11.354239	11.5236	144.0274	8.193746	148.498295	54.44837	6.407068	45.9417	47.65123	102105.52	73064	0.81043591	0.26725058	0.74275059	0	0.09714333	0	3.569613	6.048939006	0	0	21.06045	26.80273	96.14182	-2.141364	3.2827273	88.72
MAFW_3yr	4	MACold55	42.07216	-71.65574	0.915	1.556	5.19E-01	16.78933	0.6498869	8.561985	3.3966	135.2412	6.36097	38.867851	53	5.033578	55.42145	39.54497	84438.52	16959	0.54114199	0.32795452	0.03524745	0	0	0.024775381	0	2.47021614	0	0	21.01333	26.74	97.45333	-1.843333	3.56	88.46333
MAFW_3yr	5	MAMayn55	42.33106	-72.05052	0.948	1.785	2.72E-05	22.37808	0.8870966	11.144328	5.112	293.5069	7.428654	103.368502	52.76821	5.964802	48.7936	45.2416	103877.31	34062	0.25992865	0.45949392	1.06908748	0	0	0	2.862706	0.458387113	0	0.004767771	20.07583	25.41333	94.8	-3.433333	1.5783333	82.285
MAFW_3yr	9	MAHogH55	42.59251	-72.76092	0.938	1.626	1.29E-04	19.46681	0.740013	10.099844	1.7073	336.0592	17.894245	347.626401	46.63378	5.742543	41.02534	53.23212	141985.28	17155	0.06129991	0.0465709	0.01268568	0	0	0	1.527389	0.059171442	0	0	18.995	25.43333	97.11	-4.835	0.95	86.21667
MAFW_3yr	10	MAMaxw55	42.65049	-72.86615	0.896	2.08	2.41E-03	19.94041	0.6958147	10.039917	7.569	421.088	21.421945	125.680173	45.76248	5.937139	40.30331	53.75955	135363.81	73313	0.25567171	0.5088744	0	0	0	0.11238317	6.667132	0.024349687	0	0	18.73857	24.90143	100.75714	-5.150714	0.2571429	88.09143
MAFW_3yr	12	MAClak55	42.5956	-72.76126	0.947	1.538	1.28E-06	20.41991	0.736918	10.72928	7.5078	321.5513	18.816999	0.614828	46.41676	5.78927	41.3322	52.87853	135648.5	72439	0.30053984	0.42773716	0.03890842	0	0	0.015410117	6.42091	0.305222474	0	0	19.0075	25.3575	97.095	-4.80125	0.87375	86.3075
MAFW_3yr	13	MAAver55	42.62986	-72.8128	0.946	1.354	5.15E-04	19.18176	0.7037933	9.054852	11.4093	399.9832	19.881339	174.049633	45.88464	5.961499	40.49784	53.54066	124645.14	102994	0.48946276	1.55097289	0.0481034	0	0	0.190966251	8.849153	0.281553897	0	0	18.82773	24.89909	99.30818	-5.071818	0.2518182	89.69818
MAFW_3yr	16	MAFife55	42.68811	-72.99947	0.908	1.47	1.25E-05	16.13545	0.5442909	8.130472	5.4531	610.2519	25.876426	163.651228	45.66875	5.868484	39.82903	54.30249	142014.67	55490	0.08471307	0.09646222	0	0	0	0.484354436	4.770836	0.004682632	0	0	17.737	23.414	123.194	-6.071	-1.36	97.398
MAFW_3yr	18	MALyon55	42.55147	-72.45056	0.918	2.242	6.11E-01	24.20481	0.8183679	10.850455	9.297	288.8221	12.268948	346.193818	47.90392	4.992	55.70786	39.30014	128947.02	87565	0.59009678	0.23600466	0.62321576	0	0	0.033374396	7.649463	0.10412471	0	0.063172964	19.59937	25.9725	106.1875	-4.3625	1.395	84.76
MAFW_3yr	19	MAKeyu55	42.61712	-72.39482	0.947	1.554	2.95E-05	20.05857	0.7682454	11.637732	10.8945	300.5405	16.397431	174.756863	49	4.701319	50.29645	45.00223	138937.16	106362	0.35264477	0.10531665	0.66655139	0	0	0.109743869	9.558274	0.102336796	0	0.003746106	19.50792	25.97583	104.27	-4.57375	1.4091667	82.14833
MAFW_3yr	21	MAColl55	42.68405	-72.25032	0.943	1.764	1.92E-05	21.50492	0.7974436	10.632613	5.8815	273.7471	11.097263	150.631131	48.87101	3.605481	59.46007	36.93445	117851.68	49484	0.37529168	0.05780922	0.30973483	0	0	0.031245927	5.101855	0.007151656	0	0	19.56583	25.99	101.36	-4.456667	1.4566667	81.595
MAFW_3yr	22	MAWhet55	42.58674	-72.35693	0.951	1.462	1.67E-05	20.09832	0.7339395	10.952002	13.5792	286.0793	12.740122	356.619732	47.95878	4.992	55.70786	39.30014	133220.99	124908	0.29841137	0.03984494	0.58337082	0	0	0.008854432	12.570143	0.070154343	0	0.013366786	19.58107	26.04286	104.73786	-4.347857	1.59	85.145
MAFW_3yr	23	MAWeke55	42.46845	-71.73297	0.969	1.209	2.31E-04	24.3093	0.7285888	11.63175	20.6577	173.4872	9.809773	56.729342	52.65795	5.704974	50.46907	43.82596	76767.39	98356	3.42479198	3.12723199	1.30475158	0	0	0.557403497	11.340228	0.624067151	0	0.298837067	20.93159	26.81136	93.13136	-2.766818	2.6795455	85.41045
MAFW_3yr	24	MACobb55	42.41744	-71.88944	0.937	1.943	4.60E-04	23.82965	0.8414627	10.806189	6.4368	297.7085	8.228683	209.699628	52	6.409576	45.23071	48.35971	112905	48791	0.38320958	0.47047682	0.63002686	0	0	0.013196509	4.83784	0.107615399	0	0	20.12	25.49	88.15143	-3.409286	1.6371429	92.22
MAFW_3yr	25	MASWac55	42.42629	-71.90664	0.945	1.605	3.28E-05	20.20533	0.7981634	10.290214	16.9731	310.2032	8.855763	137.063476	51.8814	6.341677	44.1625	49.49583	118518.58	134956	0.92298936	1.15448166	3.12399672	0	0	0.004767771	10.830332	0.924606992	0	0.025030797	19.88188	25.40875	90.59	-3.659687	1.541875	90.45812
MAFW_3yr	26	MAGibb55	42.20013	-72.92189	0.952	1.316	2.19E-05	20.11323	0.6504081	11.876701	1.9701	434.3983	14.381362	83.609583	44	5.739	41.00207	53.25893	129106.07	17630	0.08777807	0.18713501	0	0	0	0.009194987	1.68132	0.005023187	0	0	19.345	25	110.74	-4.8575	0.675	91.34
MAFW_3yr	27	MARoar60	42.2553	-72.90691	0.955	1.64	8.38E-06	22.32398	0.8497331	10.99414	9.6147	359.6064	14.45779	117.596734	43.92477	6.25493	42.83176	50.91331	134855.91	83941	0.43684701	0.55425336	0.3667778	0	0	0.002383885	8.157571	0.075603224	0	0.020177887	19.34	25.69667	103.22111	-4.448333	1.2066667	86.48556
MAFW_3yr	29	MAKear55	42.43621	-72.92976	0.947	1.4	2.94E-05	18.04663	0.7105153	10.600473	5.7573	497.8299	13.195875	133.154039	45.18331	6.2115	42.19867	51.58984	134023.28	51071	0.21361316	0.41164593	0.01983733	0	0	0.013707341	5.098194	0	0	0	18.5	24.1825	110.1425	-5.03375	0.01	88.305
MAFW_3yr	30	MABron55	42.41789	-72.91468	0.938	1.506	2.38E-05	19.11059	0.7053638	11.07328	27.9549	463.3903	12.286891	110.696743	45.31005	6.2115	42.19867	51.58984	124900.86	246621	1.48396868	3.68301785	0.46119669	0	0.00272444	0.013707341	22.241651	0.062832409	0	0.002383885	18.596	24.5348	109.6648	-4.952	0.3612	88.4628
MAFW_3yr	32	MATiff55	42.19678	-72.95314	0.952	1.439	1.05E-05	18.69579	0.7694524	11.112832	7.6932	421.563	9.74865	217.654297	43.36206	5.739	41.00207	53.25893	120167.68	68991	0.76931388	0.59852552	0.1462684	0	0	0.051083259	6.116795	0.010982901	0	0	19.21875	25.1575	111.2475	-4.75	0.705	91.5425
MAFW_3yr	33	MAStag55	42.18059	-72.88805	0.941	1.545	9.27E-05	19.18338	0.7235941	10.999252	10.8756	359.5185	15.432378	92.490922	43.96752	5.959521	42.45028	51.5902	123894.77	95278	0.81758756	0.73049061	0.04384646	0	0	0.014729006	8.7704	0.472009316	0	0.025967323	19.449	25.525	109.817	-4.421	1.168	90.046
MAFW_3yr	34	MATowe55	42.41275	-72.88241	0.958	1.449	9.90E-06	20.29814	0.7910994	10.639376	10.2015	372.5552	13.191432	140.224558	45.12881	5.996343	41.65378	52.34987	125759.31	94829	0.40730385	0.96368569	0.83265713	0	0	0	7.791815	0.181090154	0	0.024009132	18.8805	25.319	107.07	-4.677	1.195	86.308
MAFW_3yr	35	MAPleas55	42.42871	-72.07622	0.925	2.024	8.27E-05	22.19822	0.8318066	10.207357	3.4776	283.9484	6.320792	80.280567	50	5.972482	48.16045	45.86707	99376.18	20592	0.24281576	0.56881209	0.13826536	0	0	0	2.529302	0	0	0	19.77	25.9	100.52	-3.946667	1.7666667	79.22333
MAFW_3yr	36	MAWilB55	42.6278	-72.8388	0.951	1.283	6.43E-05	18.35397	0.7182163	8.91683	2.7612	419.0598	15.307916	191.200117	45.02797	6.125191	41.60242	52.27239	118671.36	23930	0.14839687	0.36890627	0	0	0	0	2.220334	0.023498299	0	0	18.775	25.05	98.94	-5.0625	0.495	88.785
CT	3	1504	41.55954	-72.3284	0.972	1.139	3.66E-05	21.90484	0.752	11.6	3.8943	144.31734	5.841959	278.432374	51.99569	4.941601	55.51115	39.54725	80391.85	17067	1.2248914	0.24732811	0.48571666	0	0	0.000170278	0.42577897	1.5118091	0	0	20.9575	26.89	100.32167	-1.4625	3.7433333	86.62
CT	5	2532	41.9199	-72.1256	0.945	1.611	5.16E-05	21.8392	0.794	11.7	13.2426	227.59331	9.370995	157.204382	50.00966	6.34818	47.07694	46.57488	95336.2	73492	0.3688211	0.45004351	1.13072794	0	0	0.012941092	9.61088953	1.5362439	0	0.139201881	20.36211	25.62526	98.38842	-2.6721053	2.4663158	82.23895
CT	7	5910	41.54088	-72.94848	0.921	1.368	8.06E+00	23.5462	0.566	13.6	3.861	147.40194	12.572826	100.986856	48.11904	6.351486	45.85068	47.79784	78498.73	14657	1.3393179	0.07594378	0.01992247	0	0	0	0.36328711	2.0515888	0	0.010642346	21.07833	27.00667	107.185	-1.8233333	3.47	88.85667
CT	13	235	41.26747	-73.44138	0.947	1.951	1.12E-05	26.46428	0.864	13.7	31.554	175.28465	12.850258	37.483342	47.55609	6.164399	48.19997	45.63563	94003.22	123072	8.1721295	0.33740493	2.62193342	0	0	0.162359626	4.04170747	15.9321023	0	0.275253629	21.4776	26.9424	114.4084	-1.3096	3.7206	78.2364
CT	17	543	41.95544	-72.30131	0.953	1.65	2.58E-05	22.94267	0.827	11.2	42.4341	259.47986	11.118719	218.90207	53.2346	5.618937	48.13914	46.24192	106152.13	244854	3.362215	2.62942563	1.35804845	0	0	0.104039571	14.91580087	19.1069269	0	0.976967333	20.04623	25.51046	111.27585	-3.2572308	2.0475385	80.81077
CT	18	236	41.13587	-73.42601	0.928	2.197	5.25E-05	26.70978	0.873	13.8	85.2399	137.90193	11.990135	137.661167	47.08423	5.909526	49.27208	44.81839	86706.08	304542	24.2655698	1.7831463	4.25072314	0.459408778	0	0.190114863	6.40149863	46.9476437	0	0.909877986	21.81842	27.34269	111.69477	-0.8995	4.1240769	77.83885
CT	19	900	41.86676	-72.44244	0.957	1.483	5.41E-05	25.87857	0.755	11.5	44.0658	209.50051	8.678705	276.238358	52.11687	6.392468	46.7749	46.83263	86501.62	222180	4.8231962	3.5871516	4.64627785	0	0	0.023753716	9.01287485	19.6741213	0	2.312794563	20.34478	25.90507	108.30652	-2.5604348	2.5150725	77.21667
CT	23	1805	41.82139	-72.49931	0.957	1.57	9.98E-05	25.05776	0.793	12.3	33.6456	161.17758	10.727347	287.053844	53.11853	5.478897	52.04077	42.48033	82844.11	153703	11.5948782	1.29632284	1.30739088	0	0.01430331	0.215571354	6.32512916	12.613223	0	0.290493468	20.62971	26.29519	101.6725	-1.9556731	3.1719231	73.25712
CT	28	319	41.29447	-73.39483	0.941	2.081	3.21E-05	26.68788	0.864	13.1	53.649	174.6564	14.191236	288.543224	48.07674	5.98614	48.61463	45.39922	111647.07	233398	7.1834131	1.82656707	3.37668858	0.020177887	0	0.287173056	9.7634582	30.3247255	0	0.844661692	21.45693	26.9588	114.81554	-1.3466265	3.7073494	78.26434
CT	29	1	41.18643	-73.34293	0.944	1.855	3.02E-05	24.9678	0.812	12.7	59.7033	131.72339	11.909245	185.255104	47.31481	5.516834	51.65361	42.82955	100301.39	229484	9.1942204	3.32075241	2.87930791	0.148737423	0	0.016516921	8.16003983	35.4134695	0	0.549315315	21.74669	27.33	109.49157	-1.0203371	4.0324719	78.66551
CT	32	245	41.19088	-73.42974	0.949	1.848	5.98E-05	26.15912	0.852	14.4	69.8868	152.67027	12.533189	79.993879	46.93117	6.031134	48.61856	45.35031	92879.04	264129	15.8106093	1.75402885	3.79625241	0.363116835	0	0.190114863	6.40149863	40.718466	0	0.827208245	21.69241	27.20358	113.27302	-1.0427358	3.974717	78.13585
CT	33	89	41.98408	-72.29473	0.955	1.584	1.14E-05	24.98517	0.777	10.5	40.7628	262.49293	10.989655	223.904702	53.25504	5.630828	48.13909	46.23008	107609.79	237590	2.7918704	2.57331918	1.34757638	0	0	0.060618801	14.3498835	18.7773547	0	0.8813565	20.03849	25.49063	111.28016	-3.2696825	2.025873	80.93635
CT	37	241	41.24604	-73.43408	0.948	1.634	4.06E-04	22.01617	0.787	12.7	39.9843	167.55798	13.56709	35.967067	47.49715	6.162447	48.06638	45.77117	97897.55	156920	10.0278141	0.55357225	2.73789242	0	0	0.190114863	5.45143515	20.6520252	0	0.35724226	21.54008	27.0321	114.13806	-1.2262903	3.8037097	78.24
CT	41	753	41.20261	-73.43111	0.942	2.043	1.38E-04	26.65278	0.857	13.7	48.0303	156.73503	13.213219	36.582846	47.29355	6.059351	48.56006	45.38059	94711.41	186301	11.9435214	0.85087682	2.89139761	0.174875024	0	0.190114863	5.45169057	26.1184448	0	0.392064015	21.62097	27.13167	113.67889	-1.1323611	3.8947222	78.20625
CT	44	2481	41.2771	-73.3275	0.942	2.036	2.52E-04	26.93089	0.86	13.7	36.5445	165.17315	13.497949	123.029212	47.11397	5.590946	51.48937	42.91968	110695.12	162751	3.0080377	2.70877496	2.09296627	0	0	0.016516921	6.31874375	22.1496161	0	0.238303404	21.41566	27.05038	111.94547	-1.4342453	3.6735849	79.56509
CT	45	489	41.96593	-72.32775	0.946	1.273	1.41E-04	20.88905	0.704	8.3	33.4791	223.82451	8.284431	228.575242	54.46938	5.464131	51.48623	43.04964	91964.68	167292	2.2984061	1.52534612	3.97053146	0	0.03073509	0.060789079	14.87740329	10.2294227	0	0.500445663	20.21721	25.92615	110.07654	-3.0635577	2.3523077	79.36788
CT	48	1089	41.42111	-72.90222	0.96	1.607	2.87E-04	28.19315	0.822	13.6	66.9123	89.25014	10.295719	82.758319	49.32866	7.068652	44.94796	47.98338	77472.26	252381	23.4928504	1.53462625	2.24715257	0	0	0.219913431	14.95002665	24.2203611	0	0.246136171	21.69029	27.48371	106.538	-1.1388571	4.0431429	87.1461
CT	49	2757	42.02106	-72.25166	0.948	1.474	2.49E-03	22.99795	0.719	10.3	9.0576	298.71356	12.199018	227.156563	53.40144	5.530917	48.61473	45.85436	121465.55	60170	0.5872872	0.26120573	0.23259911	0	0	0	3.28729287	4.6645827	0	0.028606625	19.92393	25.15214	110.37429	-3.3328571	1.6764286	84.79
CT	50	2295	41.66152	-72.53649	0.962	1.254	3.64E-05	20.49109	0.709	12.7	7.5771	186.14105	12.356865	355.290694	51.38242	6.002528	48.22569	45.77178	112839.16	51751	0.3673738	0.09705819	0.31228899	0	0	0.056957834	1.25528596	5.4862569	0	0.003746106	20.91208	26.4475	104.3425	-1.6129167	3.1933333	79.41667
CT	52	47	41.41313	-73.2823	0.948	1.636	2.48E-04	26.60616	0.732	12.5	57.5172	156.64701	10.864901	32.036656	47.23269	5.59025	51.92403	42.48572	71746.5	192796	12.0572668	6.90177402	3.78373701	0	0	0.054403671	7.71612631	26.6352371	0	0.35102713	21.32848	27.13213	108.69708	-1.5527528	3.6725843	80.35809
CT	58	1130	41.77167	-72.85639	0.956	1.511	8.92E-01	25.76913	0.751	11.6	10.9386	91.51376	5.960945	113.372095	51.1784	5.275311	53.49304	41.23165	46759.77	25924	5.0742704	0.77331541	0.88220789	0	0	0.005789436	3.77300953	0.3958101	0	0.033629812	21.54222	27.50056	105.87722	-1.7361111	3.5644444	79.52389
CT	60	956	41.86764	-72.43411	0.955	1.707	5.99E-05	24.61168	0.855	12.5	43.479	210.12726	8.65473	275.476298	52.12613	6.362993	46.93412	46.70289	86976.68	220473	4.3591048	3.57446593	4.64627785	0	0	0.023753716	8.92679955	19.6741213	0	2.288700292	20.34132	25.89794	108.39191	-2.5650735	2.5076471	77.25294
CT	65	957	41.86657	-72.46483	0.902	1.111	8.79E+00	27.31732	0.671	17.9	50.067	197.45127	8.630843	279.078898	52.05173	6.580059	45.88287	47.53707	79930	232987	9.6582267	4.26860228	4.66696657	0	0	0.023753716	9.12942982	20.0240417	0	2.312794563	20.42175	26.01065	107.49481	-2.4924026	2.5988312	76.88831
CT	66	357	41.81814	-73.14407	0.903	2.203	8.00E-01	22.31786	0.771	7.99	83.7594	357.81115	12.76747	102.01529	48.1241	6.150342	48.05821	45.79145	116675.81	622642	5.1897186	6.24237428	2.66595016	0	0	0.159464908	50.19177124	16.8377234	0	2.453699219	19.76159	25.45733	114.12541	-3.7607778	1.449037	83.13681
CT	67	2266	41.7833	-72.92468	0.915	2.444	4.10E-05	25.98187	0.858	12.4	24.0624	237.17853	12.207729	51.940755	53.42191	4.896157	55.56931	39.53453	88903.83	125717	2.7282717	2.90612662	0.84372517	0	0.02596732	0.08760779	10.35908901	7.0603875	0	0.049976455	20.49129	26.444	112.33114	-2.7627143	2.6282857	85.068
CT	71	1804	41.86553	-72.44922	0.95	1.823	8.91E-06	25.12086	0.852	12.3	50.067	197.45127	8.630843	279.078898	52.05173	6.580059	45.88287	47.53707	79930	232987	9.6582267	4.26860228	4.66696657	0	0	0.023753716	9.12942982	20.0240417	0	2.312794563	20.42175	26.01065	107.49481	-2.4924026	2.5988312	76.88831
CT	74	5976	41.78417	-72.92341	0.937	1.646	4.13E-04	23.18634	0.687	10.4	24.0624	237.17853	12.207729	51.940755	53.42191	4.896157	55.56931	39.53453	88903.83	125717	2.7282717	2.90612662	0.84372517	0	0.02596732	0.08760779	10.35908901	7.0603875	0	0.049976455	20.49129	26.444	112.33114	-2.7627143	2.6282857	85.068
CT	80	1513	41.8365	-72.92949	0.958	1.36	1.12E-03	24.15969	0.709	9.95	36.0153	241.84464	13.391734	182.998984	53.62946	5.886277	49.12808	44.98565	98829.07	210184	2.5371352	2.55305616	1.18376939	0	0	0.019411639	20.56901489	9.0769843	0	0.073304477	20.26153	26.45915	106.34424	-3.235678	2.1840678	83.17085
CT	130	75	41.87266	-72.24156	0.96	1.375	3.00E-04	22.58094	0.726	11.7	72.405	188.31989	10.498404	155.247847	50.77861	6.078394	48.59057	45.33104	106058.9	479190	6.9257832	4.48034239	3.9277918	0	0.02903232	0.141756044	10.53498569	45.8021016	0	0.59861066	20.38	25.94018	104.11354	-2.3790265	2.8986726	82.73788
CT	151	6632	41.76174	-73.40527	0.952	1.625	6.01E-07	24.24299	0.841	10.6	7.2198	369.89237	13.176573	3.289904	49.85511	6.232071	47.36939	46.39853	113207.03	53191	0.4096026	0.48546124	0.08692668	0	0	0	1.92021972	4.2944845	0	0.019837332	20.35231	25.63154	113.21462	-2.7096154	2.0630769	78.07385
CT	152	6631	41.75812	-73.40109	0.951	1.305	7.32E-06	18.97205	0.72	10.2	7.2198	369.89237	13.176573	3.289904	49.85511	6.232071	47.36939	46.39853	113207.03	53191	0.4096026	0.48546124	0.08692668	0	0	0	1.92021972	4.2944845	0	0.019837332	20.35231	25.63154	113.21462	-2.7096154	2.0630769	78.07385
CT	156	6597	41.74591	-73.1275	0.959	1.223	4.48E-06	20.91523	0.714	11.4	4.6512	298.92544	13.186158	71.391311	48	6.168491	47.49367	46.33783	95123.56	27780	0.211655	0.76360959	0	0	0	0	2.64125992	1.0334143	0	0	20.16286	25.96571	113.80286	-3.1085714	2.1928571	80.21143
CT	157	6641	41.7497	-73.39844	0.933	1.663	5.91E-07	18.48053	0.742	11.3	2.1051	366.4697	14.522368	47.835475	50	6.234967	47.3633	46.40173	111427.89	15998	0.1502699	0.14507646	0	0	0	0	0.72333895	1.0799001	0	0.00621513	20.3275	25.595	114.3325	-2.7125	2.05	77.71
CT	158	6615	41.76555	-73.40939	0.934	1.683	3.01E-06	19.83325	0.765	9.37	14.931	363.62196	13.951504	285.688666	49.86475	6.298956	47.19824	46.5028	114775.74	113088	0.6965202	0.62534423	0.23310994	0	0	0.024690242	5.6670065	7.4219719	0	0.255927129	20.37783	25.71478	111.94609	-2.6876087	2.1195652	78.33391
CT	159	6639	41.75307	-73.38905	0.956	1.375	6.32E-07	19.41767	0.78	10.1	3.8457	376.56393	10.461806	285.270562	49.72126	6.262818	47.30467	46.43252	111519.48	26801	0.2384737	0.34038478	0.077306	0	0	0	1.13549571	2.0380518	0	0.013622202	20.35	25.62	112.98167	-2.7141667	2.0433333	78.70833
CT	161	6617	41.76366	-73.40743	0.96	1.2	8.22E-05	19.87497	0.725	10.5	14.931	363.62196	13.951504	285.688666	49.86475	6.298956	47.19824	46.5028	114775.74	113088	0.6965202	0.62534423	0.23310994	0	0	0.024690242	5.6670065	7.4219719	0	0.255927129	20.37783	25.71478	111.94609	-2.6876087	2.1195652	78.33391
CT	162	6634	41.75529	-73.39882	0.959	1.241	2.12E-04	20.43962	0.738	10.4	7.2198	369.89237	13.176573	3.289904	49.85511	6.232071	47.36939	46.39853	113207.03	53191	0.4096026	0.48546124	0.08692668	0	0	0	1.92021972	4.2944845	0	0.019837332	20.35231	25.63154	113.21462	-2.7096154	2.0630769	78.07385
CT	163	6619	41.76264	-73.40683	0.96	1.197	4.94E-04	19.68887	0.725	10.1	14.931	363.62196	13.951504	285.688666	49.86475	6.298956	47.19824	46.5028	114775.74	113088	0.6965202	0.62534423	0.23310994	0	0	0.024690242	5.6670065	7.4219719	0	0.255927129	20.37783	25.71478	111.94609	-2.6876087	2.1195652	78.33391
CT	164	6616	41.7645	-73.40838	0.961	1.275	9.69E-06	20.0799	0.763	10.2	14.931	363.62196	13.951504	285.688666	49.86475	6.298956	47.19824	46.5028	114775.74	113088	0.6965202	0.62534423	0.23310994	0	0	0.024690242	5.6670065	7.4219719	0	0.255927129	20.37783	25.71478	111.94609	-2.6876087	2.1195652	78.33391
CT	165	6636	41.762	-73.40477	0.962	1.253	6.07E-06	20.23406	0.766	10.3	5.8698	384.3054	12.549568	224.098415	49.64417	6.436832	46.86114	46.70203	114420.71	47621	0.1669571	0.12447288	0.14618326	0	0	0.024690242	2.81826341	2.3537463	0	0.233450495	20.35187	25.59375	110.74625	-2.705625	1.9775	79.55
CT	166	6602	41.74376	-73.13425	0.957	1.426	1.10E-06	21.93718	0.799	10.8	4.6512	298.92544	13.186158	71.391311	48	6.168491	47.49367	46.33783	95123.56	27780	0.211655	0.76360959	0	0	0	0	2.64125992	1.0334143	0	0	20.16286	25.96571	113.80286	-3.1085714	2.1928571	80.21143
CT	167	6592	41.74703	-73.13825	0.956	1.256	4.99E-06	18.95124	0.712	10.9	4.6512	298.92544	13.186158	71.391311	48	6.168491	47.49367	46.33783	95123.56	27780	0.211655	0.76360959	0	0	0	0	2.64125992	1.0334143	0	0	20.16286	25.96571	113.80286	-3.1085714	2.1928571	80.21143
CT	168	6623	41.75395	-73.39121	0.96	1.184	1.42E-04	19.35728	0.719	10.5	3.8457	376.56393	10.461806	285.270562	49.72126	6.262818	47.30467	46.43252	111519.48	26801	0.2384737	0.34038478	0.077306	0	0	0	1.13549571	2.0380518	0	0.013622202	20.35	25.62	112.98167	-2.7141667	2.0433333	78.70833
CT	169	6591	41.74608	-73.13729	0.961	1.223	2.22E-06	19.93613	0.747	10.7	4.6512	298.92544	13.186158	71.391311	48	6.168491	47.49367	46.33783	95123.56	27780	0.211655	0.76360959	0	0	0	0	2.64125992	1.0334143	0	0	20.16286	25.96571	113.80286	-3.1085714	2.1928571	80.21143
CT	170	6656	41.7513	-73.12175	0.956	1.284	1.75E-06	19.66354	0.725	10.9	8.2746	276.09898	15.778881	68.235717	48	6.306375	47.14303	46.55059	101242.04	53005	0.6212576	0.91226187	0.18279293	0	0	0	1.65407593	4.898544	0	0.003746106	20.21471	26.13235	114.21471	-3.0323529	2.3558824	79.63765
CT	171	6638	41.76492	-73.40904	0.96	1.187	1.48E-05	20.68183	0.712	11	14.931	363.62196	13.951504	285.688666	49.86475	6.298956	47.19824	46.5028	114775.74	113088	0.6965202	0.62534423	0.23310994	0	0	0.024690242	5.6670065	7.4219719	0	0.255927129	20.37783	25.71478	111.94609	-2.6876087	2.1195652	78.33391
CT	173	6614	41.76638	-73.41065	0.962	1.207	1.02E-05	19.74219	0.731	10	14.931	363.62196	13.951504	285.688666	49.86475	6.298956	47.19824	46.5028	114775.74	113088	0.6965202	0.62534423	0.23310994	0	0	0.024690242	5.6670065	7.4219719	0	0.255927129	20.37783	25.71478	111.94609	-2.6876087	2.1195652	78.33391
CT	174	6610	41.74245	-73.13632	0.957	1.298	2.89E-05	20.32274	0.745	10.9	4.6512	298.92544	13.186158	71.391311	48	6.168491	47.49367	46.33783	95123.56	27780	0.211655	0.76360959	0	0	0	0	2.64125992	1.0334143	0	0	20.16286	25.96571	113.80286	-3.1085714	2.1928571	80.21143
CT	175	6593	41.74393	-73.1358	0.923	1.761	9.22E-04	17.57606	0.735	9.51	4.6512	298.92544	13.186158	71.391311	48	6.168491	47.49367	46.33783	95123.56	27780	0.211655	0.76360959	0	0	0	0	2.64125992	1.0334143	0	0	20.16286	25.96571	113.80286	-3.1085714	2.1928571	80.21143
CT	176	6611	41.74358	-73.13568	0.965	1.035	1.09E-04	20.76047	0.726	11.5	4.6512	298.92544	13.186158	71.391311	48	6.168491	47.49367	46.33783	95123.56	27780	0.211655	0.76360959	0	0	0	0	2.64125992	1.0334143	0	0	20.16286	25.96571	113.80286	-3.1085714	2.1928571	80.21143
CT	177	6647	41.75503	-73.39871	0.946	1.315	7.83E-04	19.4162	0.67	10.4	7.2198	369.89237	13.176573	3.289904	49.85511	6.232071	47.36939	46.39853	113207.03	53191	0.4096026	0.48546124	0.08692668	0	0	0	1.92021972	4.2944845	0	0.019837332	20.35231	25.63154	113.21462	-2.7096154	2.0630769	78.07385
CT	178	6646	41.74898	-73.39792	0.959	1.27	4.86E-05	20.28102	0.733	11.1	2.1051	366.4697	14.522368	47.835475	50	6.234967	47.3633	46.40173	111427.89	15998	0.1502699	0.14507646	0	0	0	0	0.72333895	1.0799001	0	0.00621513	20.3275	25.595	114.3325	-2.7125	2.05	77.71
CT	179	6644	41.75241	-73.3989	0.957	1.321	2.54E-05	21.35191	0.749	11	2.1051	366.4697	14.522368	47.835475	50	6.234967	47.3633	46.40173	111427.89	15998	0.1502699	0.14507646	0	0	0	0	0.72333895	1.0799001	0	0.00621513	20.3275	25.595	114.3325	-2.7125	2.05	77.71
CT	180	6609	41.74869	-73.13942	0.957	1.322	1.13E-04	20.34385	0.742	10.6	4.6512	298.92544	13.186158	71.391311	48	6.168491	47.49367	46.33783	95123.56	27780	0.211655	0.76360959	0	0	0	0	2.64125992	1.0334143	0	0	20.16286	25.96571	113.80286	-3.1085714	2.1928571	80.21143
CT	181	6670	41.7557	-73.12942	0.954	1.255	1.45E-05	18.55243	0.719	9.8	8.2746	276.09898	15.778881	68.235717	48	6.306375	47.14303	46.55059	101242.04	53005	0.6212576	0.91226187	0.18279293	0	0	0	1.65407593	4.898544	0	0.003746106	20.21471	26.13235	114.21471	-3.0323529	2.3558824	79.63765
CT	182	6666	41.7662	-73.14971	0.961	1.213	3.27E-05	19.64444	0.727	10.1	8.2746	276.09898	15.778881	68.235717	48	6.306375	47.14303	46.55059	101242.04	53005	0.6212576	0.91226187	0.18279293	0	0	0	1.65407593	4.898544	0	0.003746106	20.21471	26.13235	114.21471	-3.0323529	2.3558824	79.63765
CT	183	6595	41.74815	-73.13887	0.962	1.169	1.63E-05	20.52935	0.716	11	4.6512	298.92544	13.186158	71.391311	48	6.168491	47.49367	46.33783	95123.56	27780	0.211655	0.76360959	0	0	0	0	2.64125992	1.0334143	0	0	20.16286	25.96571	113.80286	-3.1085714	2.1928571	80.21143
CT	184	6645	41.75095	-73.39902	0.961	1.225	1.07E-06	19.09862	0.737	11.1	2.1051	366.4697	14.522368	47.835475	50	6.234967	47.3633	46.40173	111427.89	15998	0.1502699	0.14507646	0	0	0	0	0.72333895	1.0799001	0	0.00621513	20.3275	25.595	114.3325	-2.7125	2.05	77.71
CT	185	6640	41.75874	-73.40264	0.934	1.515	2.02E-05	18.56795	0.737	8.56	7.2198	369.89237	13.176573	3.289904	49.85511	6.232071	47.36939	46.39853	113207.03	53191	0.4096026	0.48546124	0.08692668	0	0	0	1.92021972	4.2944845	0	0.019837332	20.35231	25.63154	113.21462	-2.7096154	2.0630769	78.07385
CT	186	6598	41.74609	-73.12927	0.948	1.376	2.58E-05	18.90134	0.721	10.7	4.6512	298.92544	13.186158	71.391311	48	6.168491	47.49367	46.33783	95123.56	27780	0.211655	0.76360959	0	0	0	0	2.64125992	1.0334143	0	0	20.16286	25.96571	113.80286	-3.1085714	2.1928571	80.21143
CT	187	6607	41.74703	-73.12064	0.954	1.263	1.02E-05	20.55686	0.696	12.1	6.1947	290.92833	14.310934	60.578952	48	6.227188	47.37249	46.40032	95955.6	37341	0.2589921	0.83248685	0	0	0	0	3.02319242	2.0789184	0	0	20.19625	26.025	113.71875	-3.079375	2.2475	80.1675
CT	188	6626	41.75705	-73.39948	0.945	1.315	6.86E-06	19.41947	0.675	10.8	7.2198	369.89237	13.176573	3.289904	49.85511	6.232071	47.36939	46.39853	113207.03	53191	0.4096026	0.48546124	0.08692668	0	0	0	1.92021972	4.2944845	0	0.019837332	20.35231	25.63154	113.21462	-2.7096154	2.0630769	78.07385
CT	189	6621	41.75502	-73.39625	0.937	1.585	2.70E-05	18.81786	0.748	9.9	3.8457	376.56393	10.461806	285.270562	49.72126	6.262818	47.30467	46.43252	111519.48	26801	0.2384737	0.34038478	0.077306	0	0	0	1.13549571	2.0380518	0	0.013622202	20.35	25.62	112.98167	-2.7141667	2.0433333	78.70833
CT	190	6630	41.758	-73.401	0.96	1.33	6.20E-05	19.2812	0.789	10	7.2198	369.89237	13.176573	3.289904	49.85511	6.232071	47.36939	46.39853	113207.03	53191	0.4096026	0.48546124	0.08692668	0	0	0	1.92021972	4.2944845	0	0.019837332	20.35231	25.63154	113.21462	-2.7096154	2.0630769	78.07385
CT	192	6590	41.74515	-73.13672	0.958	1.392	5.96E-05	21.57159	0.781	10.8	4.6512	298.92544	13.186158	71.391311	48	6.168491	47.49367	46.33783	95123.56	27780	0.211655	0.76360959	0	0	0	0	2.64125992	1.0334143	0	0	20.16286	25.96571	113.80286	-3.1085714	2.1928571	80.21143
CT	193	6622	41.755	-73.395	0.963	1.165	2.36E-07	20.30327	0.73	11.6	3.8457	376.56393	10.461806	285.270562	49.72126	6.262818	47.30467	46.43252	111519.48	26801	0.2384737	0.34038478	0.077306	0	0	0	1.13549571	2.0380518	0	0.013622202	20.35	25.62	112.98167	-2.7141667	2.0433333	78.70833
CT	195	5712	41.75444	-73.39361	0.954	1.272	4.44E-05	19.80085	0.712	9.87	3.8457	376.56393	10.461806	285.270562	49.72126	6.262818	47.30467	46.43252	111519.48	26801	0.2384737	0.34038478	0.077306	0	0	0	1.13549571	2.0380518	0	0.013622202	20.35	25.62	112.98167	-2.7141667	2.0433333	78.70833
CT	196	6604	41.74346	-73.13515	0.964	1.232	4.50E-05	19.78483	0.772	10.6	4.6512	298.92544	13.186158	71.391311	48	6.168491	47.49367	46.33783	95123.56	27780	0.211655	0.76360959	0	0	0	0	2.64125992	1.0334143	0	0	20.16286	25.96571	113.80286	-3.1085714	2.1928571	80.21143
CT	197	6669	41.76301	-73.14535	0.947	1.458	1.30E-05	19.27355	0.748	10.8	8.2746	276.09898	15.778881	68.235717	48	6.306375	47.14303	46.55059	101242.04	53005	0.6212576	0.91226187	0.18279293	0	0	0	1.65407593	4.898544	0	0.003746106	20.21471	26.13235	114.21471	-3.0323529	2.3558824	79.63765
CT	198	6625	41.75527	-73.3985	0.959	1.186	7.02E-06	20.23561	0.703	10.6	7.2198	369.89237	13.176573	3.289904	49.85511	6.232071	47.36939	46.39853	113207.03	53191	0.4096026	0.48546124	0.08692668	0	0	0	1.92021972	4.2944845	0	0.019837332	20.35231	25.63154	113.21462	-2.7096154	2.0630769	78.07385
CT	199	6624	41.75352	-73.38902	0.967	1.175	2.18E-04	19.75665	0.772	10.4	3.8457	376.56393	10.461806	285.270562	49.72126	6.262818	47.30467	46.43252	111519.48	26801	0.2384737	0.34038478	0.077306	0	0	0	1.13549571	2.0380518	0	0.013622202	20.35	25.62	112.98167	-2.7141667	2.0433333	78.70833
CT	203	6608	41.74888	-73.14048	0.959	1.247	8.70E-05	19.73895	0.726	10.9	4.6512	298.92544	13.186158	71.391311	48	6.168491	47.49367	46.33783	95123.56	27780	0.211655	0.76360959	0	0	0	0	2.64125992	1.0334143	0	0	20.16286	25.96571	113.80286	-3.1085714	2.1928571	80.21143
CT	204	6620	41.75376	-73.38987	0.961	1.237	1.00E-04	19.49519	0.749	10.3	3.8457	376.56393	10.461806	285.270562	49.72126	6.262818	47.30467	46.43252	111519.48	26801	0.2384737	0.34038478	0.077306	0	0	0	1.13549571	2.0380518	0	0.013622202	20.35	25.62	112.98167	-2.7141667	2.0433333	78.70833
CT	205	6659	41.75635	-73.13085	0.957	1.354	2.36E-04	20.0119	0.764	10.1	8.2746	276.09898	15.778881	68.235717	48	6.306375	47.14303	46.55059	101242.04	53005	0.6212576	0.91226187	0.18279293	0	0	0	1.65407593	4.898544	0	0.003746106	20.21471	26.13235	114.21471	-3.0323529	2.3558824	79.63765
CT	206	944	41.74721	-73.11496	0.961	1.218	3.17E-06	19.71266	0.726	10.1	14.6097	281.46534	15.271934	64.595441	48	6.273738	47.23902	46.48724	98854.39	91260	0.8802497	1.74474872	0.19156222	0	0	0	4.74674159	7.0398691	0	0.003746106	20.2088	26.098	114.056	-3.0474	2.3212	79.8072
CT	207	6649	41.749	-73.12	0.924	1.709	2.09E-03	20.39411	0.707	10.3	8.2746	276.09898	15.778881	68.235717	48	6.306375	47.14303	46.55059	101242.04	53005	0.6212576	0.91226187	0.18279293	0	0	0	1.65407593	4.898544	0	0.003746106	20.21471	26.13235	114.21471	-3.0323529	2.3558824	79.63765
CT	209	6672	41.76159	-73.13604	0.931	1.518	3.00E-05	19.11824	0.658	9.15	8.2746	276.09898	15.778881	68.235717	48	6.306375	47.14303	46.55059	101242.04	53005	0.6212576	0.91226187	0.18279293	0	0	0	1.65407593	4.898544	0	0.003746106	20.21471	26.13235	114.21471	-3.0323529	2.3558824	79.63765
CT	211	6648	41.76193	-73.13907	0.96	1.222	1.02E-04	19.67871	0.723	10.2	8.2746	276.09898	15.778881	68.235717	48	6.306375	47.14303	46.55059	101242.04	53005	0.6212576	0.91226187	0.18279293	0	0	0	1.65407593	4.898544	0	0.003746106	20.21471	26.13235	114.21471	-3.0323529	2.3558824	79.63765
CT	212	6677	41.76204	-73.13869	0.959	1.241	2.95E-05	19.17887	0.722	9.96	8.2746	276.09898	15.778881	68.235717	48	6.306375	47.14303	46.55059	101242.04	53005	0.6212576	0.91226187	0.18279293	0	0	0	1.65407593	4.898544	0	0.003746106	20.21471	26.13235	114.21471	-3.0323529	2.3558824	79.63765
CT	215	6668	41.76567	-73.14908	0.961	1.228	1.59E-04	19.6966	0.727	10	8.2746	276.09898	15.778881	68.235717	48	6.306375	47.14303	46.55059	101242.04	53005	0.6212576	0.91226187	0.18279293	0	0	0	1.65407593	4.898544	0	0.003746106	20.21471	26.13235	114.21471	-3.0323529	2.3558824	79.63765
CT	216	6637	41.76291	-73.40601	0.963	1.194	2.09E-05	19.79752	0.737	9.96	14.931	363.62196	13.951504	285.688666	49.86475	6.298956	47.19824	46.5028	114775.74	113088	0.6965202	0.62534423	0.23310994	0	0	0.024690242	5.6670065	7.4219719	0	0.255927129	20.37783	25.71478	111.94609	-2.6876087	2.1195652	78.33391
CT	217	6606	41.74568	-73.12338	0.936	1.414	1.92E-05	17.32573	0.664	9.08	6.1947	290.92833	14.310934	60.578952	48	6.227188	47.37249	46.40032	95955.6	37341	0.2589921	0.83248685	0	0	0	0	3.02319242	2.0789184	0	0	20.19625	26.025	113.71875	-3.079375	2.2475	80.1675
CT	218	6600	41.74605	-73.13176	0.952	1.267	1.39E-04	18.46114	0.694	10.6	4.6512	298.92544	13.186158	71.391311	48	6.168491	47.49367	46.33783	95123.56	27780	0.211655	0.76360959	0	0	0	0	2.64125992	1.0334143	0	0	20.16286	25.96571	113.80286	-3.1085714	2.1928571	80.21143
CT	219	6601	41.74485	-73.13322	0.95	1.326	1.48E-04	18.91155	0.706	10.8	4.6512	298.92544	13.186158	71.391311	48	6.168491	47.49367	46.33783	95123.56	27780	0.211655	0.76360959	0	0	0	0	2.64125992	1.0334143	0	0	20.16286	25.96571	113.80286	-3.1085714	2.1928571	80.21143
CT	220	6613	41.74515	-73.12379	0.952	1.287	1.06E-06	20.336	0.696	11.8	6.1947	290.92833	14.310934	60.578952	48	6.227188	47.37249	46.40032	95955.6	37341	0.2589921	0.83248685	0	0	0	0	3.02319242	2.0789184	0	0	20.19625	26.025	113.71875	-3.079375	2.2475	80.1675
CT	221	6671	41.76321	-73.14731	0.948	1.251	1.14E-05	18.65776	0.645	9.68	8.2746	276.09898	15.778881	68.235717	48	6.306375	47.14303	46.55059	101242.04	53005	0.6212576	0.91226187	0.18279293	0	0	0	1.65407593	4.898544	0	0.003746106	20.21471	26.13235	114.21471	-3.0323529	2.3558824	79.63765
CT	222	6660	41.76217	-73.14235	0.955	1.312	3.61E-05	19.45101	0.725	9.97	8.2746	276.09898	15.778881	68.235717	48	6.306375	47.14303	46.55059	101242.04	53005	0.6212576	0.91226187	0.18279293	0	0	0	1.65407593	4.898544	0	0.003746106	20.21471	26.13235	114.21471	-3.0323529	2.3558824	79.63765
CT	223	6679	41.74753	-73.11851	0.96	1.215	1.16E-05	19.20173	0.724	10.1	14.6097	281.46534	15.271934	64.595441	48	6.273738	47.23902	46.48724	98854.39	91260	0.8802497	1.74474872	0.19156222	0	0	0	4.74674159	7.0398691	0	0.003746106	20.2088	26.098	114.056	-3.0474	2.3212	79.8072
CT	225	6627	41.76089	-73.40412	0.961	1.155	3.14E-04	19.75277	0.709	10.4	7.2198	369.89237	13.176573	3.289904	49.85511	6.232071	47.36939	46.39853	113207.03	53191	0.4096026	0.48546124	0.08692668	0	0	0	1.92021972	4.2944845	0	0.019837332	20.35231	25.63154	113.21462	-2.7096154	2.0630769	78.07385
CT	226	6667	41.76202	-73.13692	0.941	0.948	2.39E+00	19.38315	0.658	11.4	8.2746	276.09898	15.778881	68.235717	48	6.306375	47.14303	46.55059	101242.04	53005	0.6212576	0.91226187	0.18279293	0	0	0	1.65407593	4.898544	0	0.003746106	20.21471	26.13235	114.21471	-3.0323529	2.3558824	79.63765
CT	227	6681	41.76574	-73.14901	0.963	1.151	9.65E-06	20.41522	0.702	10.6	8.2746	276.09898	15.778881	68.235717	48	6.306375	47.14303	46.55059	101242.04	53005	0.6212576	0.91226187	0.18279293	0	0	0	1.65407593	4.898544	0	0.003746106	20.21471	26.13235	114.21471	-3.0323529	2.3558824	79.63765
CT	228	6665	41.75391	-73.12562	0.949	1.309	1.09E-05	18.71209	0.683	9.64	8.2746	276.09898	15.778881	68.235717	48	6.306375	47.14303	46.55059	101242.04	53005	0.6212576	0.91226187	0.18279293	0	0	0	1.65407593	4.898544	0	0.003746106	20.21471	26.13235	114.21471	-3.0323529	2.3558824	79.63765
CT	229	6633	41.75623	-73.39874	0.955	1.351	1.63E-04	20.16984	0.741	11	7.2198	369.89237	13.176573	3.289904	49.85511	6.232071	47.36939	46.39853	113207.03	53191	0.4096026	0.48546124	0.08692668	0	0	0	1.92021972	4.2944845	0	0.019837332	20.35231	25.63154	113.21462	-2.7096154	2.0630769	78.07385
CT	230	6662	41.76519	-73.14874	0.959	1.287	1.37E-06	19.62408	0.746	10.1	8.2746	276.09898	15.778881	68.235717	48	6.306375	47.14303	46.55059	101242.04	53005	0.6212576	0.91226187	0.18279293	0	0	0	1.65407593	4.898544	0	0.003746106	20.21471	26.13235	114.21471	-3.0323529	2.3558824	79.63765
CT	232	6678	41.74698	-73.11714	0.938	1.274	2.19E-04	17.64999	0.629	8.83	14.6097	281.46534	15.271934	64.595441	48	6.273738	47.23902	46.48724	98854.39	91260	0.8802497	1.74474872	0.19156222	0	0	0	4.74674159	7.0398691	0	0.003746106	20.2088	26.098	114.056	-3.0474	2.3212	79.8072
CT	240	6682	41.75953	-73.40333	0.95	1.307	1.01E-05	18.75427	0.695	10.1	7.2198	369.89237	13.176573	3.289904	49.85511	6.232071	47.36939	46.39853	113207.03	53191	0.4096026	0.48546124	0.08692668	0	0	0	1.92021972	4.2944845	0	0.019837332	20.35231	25.63154	113.21462	-2.7096154	2.0630769	78.07385
CT	243	6661	41.75235	-73.12293	0.951	1.282	1.24E-04	18.42455	0.692	10	8.2746	276.09898	15.778881	68.235717	48	6.306375	47.14303	46.55059	101242.04	53005	0.6212576	0.91226187	0.18279293	0	0	0	1.65407593	4.898544	0	0.003746106	20.21471	26.13235	114.21471	-3.0323529	2.3558824	79.63765
CT	246	6596	41.74571	-73.12621	0.946	0.895	4.33E+00	20.38332	0.626	14.2	4.6512	298.92544	13.186158	71.391311	48	6.168491	47.49367	46.33783	95123.56	27780	0.211655	0.76360959	0	0	0	0	2.64125992	1.0334143	0	0	20.16286	25.96571	113.80286	-3.1085714	2.1928571	80.21143
CT	247	6655	41.75024	-73.12104	0.948	1.294	2.20E-04	19.18186	0.68	10.6	8.2746	276.09898	15.778881	68.235717	48	6.306375	47.14303	46.55059	101242.04	53005	0.6212576	0.91226187	0.18279293	0	0	0	1.65407593	4.898544	0	0.003746106	20.21471	26.13235	114.21471	-3.0323529	2.3558824	79.63765
CT	251	2636	41.3695	-72.2002	0.957	1.543	8.34E-06	24.21634	0.809	11.4	46.1304	82.47385	10.236258	225.096084	50.79387	6.066083	48.30079	45.63312	84990.48	225475	4.985641	2.91097953	2.79485025	0.222297317	0	0.924862409	1.17210538	31.7782145	0	1.365370381	21.36593	27.15314	106.587	-0.7804286	4.3721429	87.30571
CT	256	2346	41.2931	-73.3678	0.941	1.562	1.80E-05	20.68869	0.759	10.2	15.8013	185.46254	11.307991	220.513032	47.77965	6.248342	47.31866	46.43299	101445.05	63802	1.4514457	1.20224451	0.25584199	0	0	0.006129991	1.79770503	10.9586362	0	0.124302598	21.33364	26.84864	114.69955	-1.5079545	3.5672727	79.43409
CT	258	923	41.4259	-72.90558	0.91	1.916	1.39E+00	20.8598	0.723	11.5	5.6952	100.66629	10.355676	57.865499	49.1071	7.685332	42.7048	49.60987	79395.7	19214	1.977433	0.02247663	0.03882328	0	0	0	1.87509617	1.7813584	0	0	21.7255	27.514	106.932	-1.074	4.078	87.545
CT	259	2711	41.78067	-72.963	0.911	1.832	9.55E-02	26.04543	0.613	13.5	11.8863	272.25586	8.651183	47.095199	52.8285	5.142095	54.54842	40.30948	85635.56	60544	1.2996433	2.22867746	0.7513496	0	0.02596732	0.08760779	4.02800013	3.4260691	0	0.038567861	20.30382	26.15529	112.68	-3.0282353	2.2788235	85.52647
CT	262	2309	41.94587	-73.31997	0.928	2.284	1.31E-01	26.5669	0.863	11.1	7.8507	336.60713	16.259104	331.009067	48.80859	6.824779	45.63711	47.53811	120803.83	57504	0.3437903	0.45804656	0.33093438	0	0	0	3.48472967	3.2149249	0	0.017027753	19.95893	25.77714	102.90286	-3.4725	1.6757143	71.60214
CT	263	2760	41.95986	-72.29943	0.935	1.743	4.06E-05	24.08128	0.746	10.3	41.9427	260.49969	11.121366	220.859779	53.24129	5.621919	48.13936	46.23872	106720.07	242275	2.9725349	2.62942563	1.35804845	0	0	0.104039571	14.86318511	19.0686144	0	0.966324988	20.04141	25.49891	111.27688	-3.2649219	2.0351562	80.87313
CT	265	2342	41.9267	-73.2799	0.95	1.752	4.57E-04	26.71046	0.796	10.3	14.6394	429.90532	14.805818	244.762781	48	6.182854	47.47059	46.34655	133091.88	130362	0.1680639	0.08173321	0.98582176	0	0	0.050487288	9.19345417	3.9496725	0	0.206546645	19.8913	25.14739	113.10739	-3.5876087	1.16	87.31087
CT	270	2758	41.99337	-72.2695	0.929	1.769	1.22E-04	23.32134	0.724	9.94	23.3064	285.6542	12.446128	249.112044	53.30387	5.477875	48.32545	46.19667	114508.09	146014	1.602567	0.66357154	0.36907655	0	0	0.032523008	7.97980107	11.8133443	0	0.855729731	19.96779	25.28618	111.14676	-3.3442647	1.8144118	82.85176
CT	271	554	41.15279	-73.30599	0.914	2.185	1.58E+00	26.57138	0.87	14.3	21.15	62.54874	6.110647	196.675778	49.29648	5.257657	53.17339	41.56895	66085.68	49103	9.146713	0.23745202	1.67561604	0.328209941	0	0	0.04325049	9.6932187	0	0.018049418	22.49609	27.76375	102.60969	-0.1192187	4.6975	76.05125
CT	272	469	41.79706	-72.1716	0.96	1.487	1.50E-04	27.29867	0.789	11.7	94.6809	182.19495	9.421571	183.489447	49.15481	6.002772	48.90068	45.09654	105185.3	604332	7.0156045	6.99874707	9.91432409	0	0	0.119194272	11.70096109	57.2992405	0	1.686854359	20.45099	26.02096	100.10959	-2.2597603	3.0318493	81.77637
CT	275	54	41.79773	-73.11583	0.937	1.661	1.34E-03	24.2889	0.719	9.62	36.5769	319.77703	10.948068	229.738002	48.97333	6.262494	47.45113	46.28638	96410.97	221757	9.6963689	2.59673235	0.5657471	0	0.03626911	0.013962758	17.88084351	4.205259	0	1.575918548	19.84912	25.76684	113.7893	-3.6028947	1.7419298	81.46456
CT	277	359	41.93717	-72.82146	0.913	1.804	7.69E-03	20.7502	0.709	8.42	58.9176	251.77516	11.673231	101.659685	48.62122	6.048974	48.25725	45.69378	104934.22	381812	3.7117948	4.04153719	2.02255651	0	0	0.010982901	40.04331554	9.0579984	0	0.027755238	20.15461	26.37562	103.14157	-3.4191011	1.9614607	80.6936
CT	283	1916	41.76814	-72.84966	0.969	1.4	3.95E-06	27.25942	0.826	12.9	10.9386	91.51376	5.960945	113.372095	51.1784	5.275311	53.49304	41.23165	46759.77	25924	5.0742704	0.77331541	0.88220789	0	0	0.005789436	3.77300953	0.3958101	0	0.033629812	21.54222	27.50056	105.87722	-1.7361111	3.5644444	79.52389
CT	456	5996	41.72391	-73.48539	0.9	2.812	2.46E-01	31.85357	0.871	11.4	45.4392	299.46883	18.942046	262.608416	51.40647	6.340351	47.54915	46.1105	112805.63	308488	1.7229532	2.0010164	1.67978784	0	0	0.401684695	18.48098667	20.3136837	0	0.822099919	20.46308	26.27192	111.23986	-2.6916438	2.4773973	74.95521
CT	468	155	41.40581	-73.09263	0.96	1.293	3.61E-05	23.08607	0.679	11.2	38.0286	166.69696	12.284865	243.662273	47.92902	6.375644	47.1932	46.43116	84528.22	141121	5.9385992	3.15319932	1.78016645	0	0	0.170788363	6.04927956	20.7606623	0	0.167893645	21.07142	26.67183	108.34433	-1.6440833	3.4431667	82.16817
MA	1	WB_JIMMY	42.434842	-72.670664	0.94	1.476	1.09E-04	18.74477	0.6834917	10.478302	2.5308	223.7887	15.99787	177.85368	47.13866	6.4495	45.66808	47.88242	130765.1	19933	0.08769293	0.2328545	0.06427977	0	0	0.007492211	2.115869	0.02222122	0	0	19.815	26.35	99.68	-4.0275	1.945	84.74
MA	2	WB_MITCHELL	42.433436	-72.66805	0.933	1.701	4.37E-05	19.41276	0.738739	9.416547	23.3244	274.6539	16.44692	103.59275	47.1647	6.23232	44.24181	49.52587	132032.8	195104	0.74998738	0.8237176	0.50027539	0	0	0.013622202	20.471276	0.36933196	0	0.3981089	19.4922	25.8732	100.8636	-4.2964	1.47	85.6156
MA	3	WB_OBEAR	42.434453	-72.671747	0.943	1.464	1.07E-04	18.40745	0.6947301	10.054634	2.5308	223.7887	15.99787	177.85368	47.13866	6.4495	45.66808	47.88242	130765.1	19933	0.08769293	0.2328545	0.06427977	0	0	0.007492211	2.115869	0.02222122	0	0	19.815	26.35	99.68	-4.0275	1.945	84.74
MA	4	WEST_BROOK	42.43145	-72.66375	0.952	1.389	3.94E-04	20.23078	0.7102986	10.267592	23.3244	274.6539	16.44692	103.59275	47.1647	6.23232	44.24181	49.52587	132032.8	195104	0.74998738	0.8237176	0.50027539	0	0	0.013622202	20.471276	0.36933196	0	0.3981089	19.4922	25.8732	100.8636	-4.2964	1.47	85.6156
MA	5	SEC_6_DL	42.432447	-72.665536	0.922	1.687	2.26E-04	17.94606	0.6859686	9.306918	23.3244	274.6539	16.44692	103.59275	47.1647	6.23232	44.24181	49.52587	132032.8	195104	0.74998738	0.8237176	0.50027539	0	0	0.013622202	20.471276	0.36933196	0	0.3981089	19.4922	25.8732	100.8636	-4.2964	1.47	85.6156
MA	6	SEC_30_DL	42.434833	-72.670633	0.921	1.731	2.45E-05	18.41561	0.6900764	9.39627	2.5308	223.7887	15.99787	177.85368	47.13866	6.4495	45.66808	47.88242	130765.1	19933	0.08769293	0.2328545	0.06427977	0	0	0.007492211	2.115869	0.02222122	0	0	19.815	26.35	99.68	-4.0275	1.945	84.74
MA	7	SEC_45_DL	42.434889	-72.673708	0.928	1.686	7.69E-06	18.38319	0.6965111	9.441224	17.7543	296.968	16.28096	94.13558	47.1946	6.164188	43.79437	50.04144	134689	154503	0.50580941	0.3639682	0.39351137	0	0	0.006129991	15.76191	0.3265923	0	0.3981089	19.32237	25.66421	101.3032	-4.444474	1.264211	86.10474
USFS	1	2439254	42.5093	-72.82327	0.96	1.43	4.88E-05	19.414495	0.8463472	9.525579	1.1448	474.9165	7.377175	213.839117	46.96422	5.899429	41.40835	52.69222	139785.43	11279	0.04972104	0.03201218	0.08990654	0	0	0	0.9727955	0	0	0	18.73	24.435	106.365	-4.93	0.085	89.37
USFS	2	2439253	42.46352	-72.88958	0.955	1.51	7.19E-05	21.009066	0.8121148	10.531101	10.8963	429.3414	9.649416	149.557659	45.58877	6.2115	42.19867	51.58984	108882.17	93504	0.6342838	2.23523315	0.29423957	0	0	0	7.6837736	0.042484244	0	0.003405551	18.5205	24.561	106.226	-5.0575	0.352	84.564
USFS	3	2439182	42.38028	-72.97833	0.961	1.278	4.81E-06	19.146734	0.7515366	10.524205	10.5003	519.2186	15.151668	94.009078	43.96021	6.051517	41.09346	52.85502	138382.78	106371	0.27516849	0.03090537	0.09714333	0	0	0.042569383	10.023472	0.028606625	0	0	18.43455	24.02182	107.4209	-5.258182	-0.3627273	92.79273
USFS	4	2439181	42.38944	-73.01528	0.935	1.669	5.82E-06	18.993992	0.7620298	10.270164	1.836	578.2025	10.592289	80.078691	44	6.205669	42.15838	51.63595	131663.86	20144	0.05917144	0	0.01379248	0	0	0.001958192	1.7610102	0	0	0	18.41	23.94	108.45	-5.245	-0.38	92.1
USFS	5	2439180	42.35889	-72.84	0.943	1.443	4.16E-03	18.754379	0.6998623	10.201375	3.1275	338.9201	16.901834	190.896907	45.34686	5.734115	40.55611	53.70978	129854.78	28018	0.10335846	0.21403886	0	0	0	0.017027753	2.7498118	0.042909938	0	0	19.11	25.52	101.39	-4.5525	1.21	86.98
USFS	6	2439173	42.59944	-73.04306	0.956	1.449	3.53E-06	19.090792	0.8233092	9.112448	7.6545	631.07	13.920523	204.873382	46.89908	6.210704	42.19317	51.59613	132054.11	87698	0.20050179	0.01907108	0.09271612	0	0	0.0193265	7.3209122	0	0	0	17.91222	23.23778	132.6811	-5.853889	-1.39	95.84556
USFS	7	2439171	42.34806	-72.84333	0.95	1.354	3.38E-06	18.742921	0.697054	10.050729	3.1275	338.9201	16.901834	190.896907	45.34686	5.734115	40.55611	53.70978	129854.78	28018	0.10335846	0.21403886	0	0	0	0.017027753	2.7498118	0.042909938	0	0	19.11	25.52	101.39	-4.5525	1.21	86.98
USFS	8	2439162	42.43611	-72.93	0.927	1.586	3.31E-05	17.532619	0.7145318	9.188088	5.7573	497.8299	13.195875	133.154039	45.18331	6.2115	42.19867	51.58984	134023.28	51071	0.21361316	0.41164593	0.01983733	0	0	0.013707341	5.0981944	0	0	0	18.5	24.1825	110.1425	-5.03375	0.01	88.305
USFS	9	2439153	42.50207	-72.89612	0.926	1.863	5.46E-06	20.529463	0.7535607	10.244651	3.5712	497.3831	7.155451	136.466972	45.22242	6.2115	42.19867	51.58984	96313.78	28872	0.19309472	0.93686697	0.01336679	0	0	0	2.4268805	0	0	0	18.4	23.9925	105.9225	-5.1925	-0.255	85.5125
USFS	10	2439151	42.57056	-73.0325	0.932	1.714	5.93E-04	19.090423	0.7667974	10.002005	7.6545	631.07	13.920523	204.873382	46.89908	6.210704	42.19317	51.59613	132054.11	87698	0.20050179	0.01907108	0.09271612	0	0	0.0193265	7.3209122	0	0	0	17.91222	23.23778	132.6811	-5.853889	-1.39	95.84556
USFS	11	2439146	42.30528	-72.95778	0.945	1.576	8.41E-06	19.242618	0.787635	10.358948	6.7374	390.9163	18.798346	214.855498	43.45283	6.05596	41.22852	52.71552	121096.6	56678	0.2387291	0.47498917	0.03780161	0	0	0.13034745	5.6399324	0.21446455	0	0	19.19556	25.35222	105.5256	-4.680556	0.7677778	88.10556
USFS	12	2439145	42.48667	-72.82667	0.952	1.578	1.96E-06	19.920993	0.818954	9.88266	2.2275	453.427	10.032165	192.076343	46.57788	6.051079	41.7924	52.15652	138467.54	22672	0.04972104	0.03201218	0.14116007	0	0	0	2.0034003	0	0	0	18.73	24.435	106.365	-4.93	0.085	89.37
USFS	13	2439083	42.26167	-72.95722	0.947	1.527	1.27E-05	21.229394	0.753982	11.929043	6.7374	390.9163	18.798346	214.855498	43.45283	6.05596	41.22852	52.71552	121096.6	56678	0.2387291	0.47498917	0.03780161	0	0	0.13034745	5.6399324	0.21446455	0	0	19.19556	25.35222	105.5256	-4.680556	0.7677778	88.10556
USFS	14	2439076	42.20583	-72.92917	0.947	1.448	4.18E-05	20.449926	0.7108714	10.979823	1.9701	434.3983	14.381362	83.609583	44	5.739	41.00207	53.25893	129106.07	17630	0.08777807	0.18713501	0	0	0	0.009194987	1.6813203	0.005023187	0	0	19.345	25	110.74	-4.8575	0.675	91.34
USFS	15	2439067	42.17667	-72.94528	0.955	1.433	2.17E-08	20.212092	0.780312	10.468835	9.5463	415.8495	10.303841	224.736455	43.2918	5.739	41.00207	53.25893	121195.68	84471	0.9492121	0.6843454	0.18160099	0	0	0.051083259	7.668108	0.010982901	0	0	19.265	25.20182	111.6345	-4.700909	0.7554545	91.70818
USFS	16	2439255	42.97889	-72.78833	0.926	2.028	7.99E-06	22.509433	0.9995914	10.702518	5.1984	534.2576	17.585255	119.526445	44	6.578501	37.64777	55.77373	122314.71	53640	0.17010725	0.28538514	0	0	0	0.169511282	4.1430226	0	0	0	17.302	23.828	114.938	-6.992	-0.86	92.692
USFS	17	2439249	43.24306	-72.89472	0.934	1.844	6.18E-01	21.230688	0.9656413	11.708486	5.4594	658.5778	18.921237	85.648849	45.61572	6.322936	42.11162	51.56544	112721.33	65925	0.14396965	0.39359651	0.01200457	0	0	0.125579679	4.477618	0	0.1479712	0	16.63571	23.06	138.0871	-6.917857	-0.8571429	94.91571
USFS	18	2439192	42.99944	-72.85806	0.946	1.478	2.40E-05	18.724927	0.7703138	10.10243	2.7846	667.5022	26.711276	41.797135	44	6.612546	39.00738	54.38007	136490.67	32247	0	0	0	0	0	0.092460699	2.6926837	0	0	0	16.3925	22.905	123.77	-7.995	-1.71	94.445
USFS	19	2439160	43.19139	-72.9425	0.868	2.719	4.25E-03	17.445813	0.9999539	8.177809	31.4442	514.4537	11.108265	116.156067	44.63301	6.280194	42.01517	51.70463	108176.42	398461	1.13958238	0.71414396	1.43501389	0	0	0.259673235	25.0852007	0	0.2669952	0.741643786	17.45833	24.043	118.659	-6.624833	-0.487	90.355
USFS	20	2439157	43.03583	-72.73972	0.955	1.608	7.35E-06	23.300715	0.8942576	13.369408	6.3954	462.9995	17.755331	47.839965	43.98565	6.581228	37.75667	55.6621	125275.8	71980	0.17904682	0.0465709	0.0287769	0	0.00136222	0.086075292	6.0534514	0	0	0	17.824	24.438	108.048	-6.347	-0.284	91.58
USFS	21	2439152	43.00806	-72.71722	0.965	1.462	6.24E-04	21.957164	0.9999911	10.69771	6.5088	480.8038	10.786057	110.709469	43.86432	6.578834	37.9633	55.45787	116340.03	76904	0.1390316	0.1447359	0.19939499	0	0	0.010046374	6.0101157	0	0	0.00553402	17.59429	24.10286	109.0314	-6.686429	-0.6185714	91.82857
USFS	22	2432683	43.1241	-72.972	0.928	1.919	3.68E-05	22.611602	0.8651014	11.060837	10.233	782.7788	12.040893	4.557095	47.76126	6.54077	36.92528	56.53395	117321.35	133745	0	0	1.33216626	0	0.24690242	0.07168684	4.5796142	0	3.0004604	0.211569832	16.25455	22.45	139.6264	-7.220909	-1.1981818	132.92455
USFS	23	2432657	42.9147	-72.61593	0.908	2.22	1.27E-05	25.036873	0.8155156	11.503382	16.4169	365.8283	18.825291	73.19302	44.11406	5.875424	44.2355	49.88908	130099.92	163132	0.58609526	0.67634235	0.11391567	0.3282099	0	0.149077978	13.9575641	0.190455418	0	0.418457032	18.65438	25.15687	105.8806	-5.695625	0.23625	89.40937
USFS	24	2432678	42.91783	-72.67335	0.947	1.426	6.94E-05	19.117397	0.7535836	10.047553	6.1983	415.225	15.476037	75.106349	44	5.9925	43.16266	50.84484	119911.15	62129	0.21054817	0.20092749	0.07219767	0	0	0.021625246	5.263619	0.010557207	0	0.418457032	18.14125	24.6	106.76	-6.25125	-0.3	90.7475
USFS	25	2389763	43.31793	-72.87801	0.935	1.726	3.06E-05	22.647762	0.8193732	11.687068	9.6399	631.441	17.476369	193.860958	45.00503	6.486753	40.43951	53.07374	125396.26	132408	0.14243715	0	0.68051415	0	0	0.396576369	7.1685138	0	0.5219858	0.00272444	16.50944	22.99444	138.9544	-7.412778	-1.2022222	98.26222
USFS	26	2432688	43.05073	-72.66576	0.917	1.578	6.43E-06	19.421143	0.6587895	11.182551	35.7408	360.4658	20.572658	214.213552	43.02966	5.813531	45.20939	48.97708	126382.69	366933	1.37575731	1.34663985	0.43037646	0	0	1.273335376	29.6671136	1.612272801	0	0.038142167	18.67611	25.06111	107.1022	-5.724444	0.0675	86.84972
USFS	27	2432704	43.3407	-72.83324	0.95	1.531	9.97E-06	21.146212	0.8550052	10.627344	7.5879	680.841	12.968461	70.09199	45	6.543484	39.86044	53.59607	126118.43	91407	0.15682561	0	0.38355014	0	0	0.011238317	3.9890066	0	1.486012	0	16.18929	22.77143	138.9	-7.862143	-1.7128571	96.79
USFS	28	2432679	42.98861	-72.62721	0.925	1.71	1.40E-05	22.772235	0.7274853	12.27805	38.2302	315.7638	22.813586	225.28554	44.14194	5.989937	43.18614	50.82392	128147.16	384799	0.83555184	1.20760825	0.3986197	0	0	0.388062493	34.7298903	0.636156855	0	0.038653	18.98181	25.3775	107.9678	-5.442778	0.3711111	87.77889
